10.9178  2.81351e-12
12.9456  3.18321e-12
15.35  5.27287e-12
18.2011  5.86311e-12
21.5817  7.59969e-12
25.5902  1.29139e-11
30.3432  5.45627e-12
35.9791  5.10916e-12
42.6617  5.55281e-12
50.5855  6.00862e-12
59.9811  6.75679e-12
71.1218  7.15968e-12
84.3316  7.28484e-12
99.9951  7.51489e-12
118.568  8.03763e-12
140.59  8.04104e-12
166.703  8.86323e-12
197.666  9.63647e-12
234.379  1.05691e-11
277.912  1.17325e-11
329.53  1.28976e-11
390.736  1.45835e-11
463.31  1.61531e-11
549.363  1.90664e-11
651.4  2.09356e-11
772.389  2.51076e-11
915.849  2.78492e-11
1085.96  3.30135e-11
1287.66  3.84717e-11
1526.82  4.25543e-11
1810.41  4.75637e-11
2146.67  5.43653e-11
2545.38  6.4222e-11
3018.15  7.86873e-11
3578.73  8.56907e-11
4243.43  1.00128e-10
5031.59  1.22924e-10
5966.14  1.26355e-10
7074.27  1.30039e-10
8388.21  1.61424e-10
9946.21  1.99437e-10
11793.6  2.19374e-10
13984.1  2.68072e-10
16581.4  2.89724e-10
19661.2  3.40931e-10
23313  3.88204e-10
27643.1  4.43473e-10
32777.4  4.51247e-10
38865.3  5.45755e-10
46084  6.94888e-10
